		0 -40 -5
		0 -39.412999915125056 -5.2935000424374721
		0 -38.232187947509935 -5.8665220511896337
		0 -36.439603047309312 -6.681299317938084
		0 -34.625026559663652 -7.4451222862913653
		0 -32.788967523505612 -8.157006722106928
		0 -30.93119862765495 -8.8083206033963961
		0 -29.055611886577275 -9.4091688464736478
		0 -27.163616626315374 -9.9513945270942372
		0 -25.271005742242743 -10.497307137894154
		0 -23.394390871700629 -11.090431456795898
		0 -21.682511359637175 -12.136277014572045
		0 -20.585311290041936 -13.820597282170496
		0 -19.833398029498056 -15.622844914758986
		0 -19.130420146507156 -17.485276526491702
		0 -17.787376846556036 -18.984172428755443
		0 -15.901131104116175 -19.700075658435907
		0 -14.066186871688572 -20.310113949629994
		0 -12.186167026676493 -21.033290764350937
		0 -10.843001017456643 -22.54429794920199
		0 -10.251452769616989 -24.451975771157493
		0 -9.8637310228091337 -26.370889506146995
		0 -9.5481146910476014 -28.320644644514374
		0 -9.1322812233045383 -30.243348221780195
		0 -8.5565101930535548 -32.128749853013318
		0 -7.9484029184843266 -33.999954917710042
		0 -7.3994609246076024 -35.891934952845631
		0 -6.9766527180173341 -37.815921886078215
		0 -6.7178375751890727 -39.769784535917609
		0 -6.6385027980281208 -41.73896193733809
		0 -6.7289126408176116 -43.707007890966253
		0 -6.9231303889956806 -45.666408385270074
		0 -7.1833489974831721 -47.618149402224105
		0 -7.4813808506382315 -49.564201907384017
		0 -7.7981694845962437 -51.507339538175088
		0 -8.1183782645021054 -53.449859509155274
		0 -8.4302123178291026 -55.393782891394707
		0 -8.7232613969345039 -57.340633569216422
		0 -8.9890182686235676 -59.291436504927148
		0 -9.2186896996850223 -61.246853363720803
		0 -9.4068550873936942 -63.206700822153266
		0 -9.5575252507544377 -65.169768110656619
		0 -9.6716692050913622 -67.135286792558944
		0 -9.7500039293360032 -69.102584436141726
		0 -9.7916630607182995 -71.070948138714286
		0 -9.7948612369268204 -73.039875749377074
		0 -9.7558220452619793 -75.00823430548057
		0 -9.6688570743251603 -76.975486088478249
		0 -9.5235114358732673 -78.938696573878474
		0 -9.3035888507213542 -80.896399580559532
		0 -8.9733189967974312 -82.837023503122495
		0 -8.4752749634048712 -84.747009290195606
		0 -7.7574617457650277 -86.580232223345476
		0 -6.7771626716655717 -88.302609060730504
		0 -5.6384308358652362 -89.890717349456864
		0 -4.512645543902309 -91.541620689567296
		0 -3.5530940315420736 -93.197448699121907
		0 -2.596967264281318 -95.039200769910011
		0 -1.971785487797348 -96.706501669629461
		0 -1.3000187678841115 -98.951806771799852
		0 -3.1315447023170719 -100.14122888222403
		0 -5.1645773614146719 -99.919734468663918
		0 -7.0982179450420446 -100.03843824780415
		0 -9.0853471173113647 -100.01142371800765
		0 -11.040715190290662 -100.17226002961348
		0 -13.001201739279843 -100.39405493028572
		0 -14.930635759020113 -100.78969310607886
		0 -16.823141771234404 -101.34050195222684
		0 -18.64548342093066 -102.09452544905025
		0 -20.367748268282448 -103.05568998169984
		0 -21.950126239001214 -104.234859216429
		0 -23.360899478795581 -105.61429699191945
		0 -24.575986158286391 -107.16864785759809
		0 -25.595878557474059 -108.85610784098937
		0 -26.438315949497039 -110.63798482288516
		0 -27.114938943565413 -112.48883380713661
		0 -27.636506010646556 -114.38878712155648
		0 -28.011699738004012 -116.322910236448
		0 -28.246740611394308 -118.2787017489332
		0 -28.349658538761851 -120.24597328346545
		0 -28.321108585468217 -122.21540306675459
		0 -28.19514537577259 -124.18048511231319
		0 -28.011019959549145 -126.14072399550992
		0 -27.797469642588574 -128.09784640286063
		0 -27.58301446596041 -130.05494609147084
		0 -27.396884090858549 -132.01488221501654
		0 -27.271516849650119 -133.98023816383284
		0 -27.252183308017841 -135.94963905702096
		0 -27.393307350002019 -137.91629582296812
		0 -27.789889361220439 -139.84998858896489
		0 -28.474875778678822 -141.70216534287215
		0 -29.431669728893354 -143.42893671007658
		0 -30.626113260366374 -144.99991707454888
		0 -32.007848332138721 -146.40684292668035
		0 -33.530174537270298 -147.65898495345226
		0 -35.154606382231997 -148.77374192858076
		0 -36.851387035236705 -149.7741831058475
		0 -38.604086871838014 -150.67250975621295
		0 -40.405282127184705 -151.46948206802568
		0 -42.249718028766779 -152.16022929233682
		0 -44.134616849279269 -152.73311366618887
		0 -46.058723630959832 -153.15798532333895
		0 -48.018132955282496 -153.38558086287452
		0 -49.995805028491773 -153.2696382670982
		0 -51.880444401682851 -152.62680684253377
		0 -53.503710905760279 -151.48740327971313
		0 -54.901681464611805 -150.09992155158204
		0 -56.29335945754972 -148.70755735505998
		0 -57.638973286760866 -147.2695846164624
		0 -58.893345118191235 -145.75060124558905
		0 -60.039118067012204 -144.14821516144801
		0 -61.073840513196515 -142.47193038074644
		0 -61.994230274159953 -140.73036285558442
		0 -62.757864003602869 -138.91229650899254
		0 -63.300497661091754 -137.01603110136202
		0 -63.408874703123274 -135.02389778035877
		0 -62.723563982683416 -133.12898327011249
		0 -61.405151376492022 -131.63497249230591
		0 -59.704420485886587 -130.59620356235212
		0 -57.80479482995532 -130.05622637178979
		0 -55.880438810639824 -129.62499741151206
		0 -54.101335979477021 -128.73601167714227
		0 -52.59562213371639 -127.45580097686693
		0 -51.305071940011736 -125.95869863952439
		0 -50.399783536331057 -124.18838285742842
		0 -49.953306837159893 -122.26729279758948
		0 -49.440206088251188 -120.36028377331078
		0 -48.390549012918996 -118.6623520362763
		0 -47.209432104930919 -117.12064677030835
		0 -46.016580910778302 -115.49772540093861
		0 -45.263563550172421 -113.73808772319518
		0 -45.030877835743148 -111.61767257533415
		0 -46.516564754861157 -110.06301707076058
		0 -48.638491033053562 -110.24366479640184
		0 -50.48411461921426 -110.67008066783424
		0 -52.364706507539225 -111.39029580373293
		0 -54.161429661225355 -112.13447383869271
		0 -55.979354647157606 -112.92441362085802
		0 -57.789993044027057 -113.67764859726685
		0 -59.64481245810525 -114.35710429161901
		0 -61.552212804848907 -114.83742612286169
		0 -63.40543510647435 -115.53346986686147
		0 -65.025715768972788 -116.67942220460989
		0 -66.41884209864331 -118.07196175041804
		0 -67.687597267058138 -119.58004504687679
		0 -68.880193514487871 -121.14619177572953
		0 -70.012806691478943 -122.75725638747812
		0 -71.093217984758908 -124.40327771677626
		0 -72.119031024095548 -126.083833270038
		0 -73.081878963753027 -127.80202989496664
		0 -73.946384271515939 -129.57135064216442
		0 -74.621327595230952 -131.4274086401723
		0 -74.953294773123289 -133.3760337493313
		0 -75.004346859805167 -135.3459481992779
		0 -74.997681312830778 -137.31417411998868
		0 -75.006233937582806 -139.28319953129855
		0 -75.042489550799033 -141.25154396447496
		0 -75.115820440338211 -143.21911668064905
		0 -75.230538578859409 -145.18459483282905
		0 -75.390604680323889 -147.14700879780773
		0 -75.598428278082267 -149.10488305162673
		0 -75.85683340819719 -151.05683246050609
		0 -76.166747178238438 -153.00111838348317
		0 -76.520907252240335 -154.93801428760057
		0 -76.916545855201235 -156.86645271950204
		0 -77.351747599401065 -158.78710194443232
		0 -77.828145463338046 -160.69656646248711
		0 -78.347036520965446 -162.5975046244981
		0 -78.917286839242422 -164.47909716811898
		0 -79.5447452474409 -166.35089053856757
		0 -80.260583773413302 -168.17578438847013
		0 -81.091697554889222 -169.98015338264941
		0 -82.138965175050103 -171.62363327628034
		0 -83.505044049834638 -173.12039698957472
		0 -85.565493858471925 -173.54533352799479
		0 -87.325398293350702 -172.41633114084502
		0 -88.499477972383374 -170.85868607032106
		0 -89.280571279556682 -169.01752567326767
		0 -89.694839355434098 -167.09823939981425
		0 -89.981020133816287 -165.14574120319043
		0 -90.255785557726426 -163.19911271906307
		0 -90.641927133115217 -161.26414900291417
		0 -91.350727168429131 -159.41623375948251
		0 -92.470921106576469 -157.78005460564881
		0 -93.883088988321759 -156.4002946107903
		0 -95.463479177742869 -155.22122158708245
		0 -97.125158096692331 -154.16489704293809
		0 -98.824068313867826 -153.1694557941241
		0 -100.53524177957244 -152.19610312100656
		0 -102.24097040747213 -151.21279566411741
		0 -103.92048826567172 -150.18499598297385
		0 -105.53870143697993 -149.06092429991352
		0 -107.02279009914025 -147.76000087004795
		0 -108.29795477744901 -146.25290575401857
		0 -109.3610222154341 -144.59189382656891
		0 -110.26261308417936 -142.84060028233444
		0 -111.05741245109317 -141.03809994904179
		0 -111.78476080429273 -139.20981346030453
		0 -112.45316053850706 -137.35498074426616
		0 -113.07960862706139 -135.49371940875767
		0 -113.64655532062704 -133.5981542393728
		0 -114.17963059343506 -131.72155999992412
		0 -114.5911167671162 -129.75551642481636
		0 -114.90956355908033 -127.88927602012089
		0 -114.5607777103961 -125.72143426437873
		0 -112.54002312847047 -125.01814214278295
		0 -110.9195100652617 -123.90560778658204
		0 -110.3111101759674 -121.90636271569565
		0 -110.03032109918267 -120.01185708034824
		0 -109.75495826445459 -118.0331486043587
		0 -109.44210199098734 -116.10409476893753
		0 -108.97292503775358 -114.18306127766785
		0 -108.35904406325633 -112.31285739051279
		0 -107.65218179565949 -110.47833752175895
		0 -106.91691938290424 -108.64315511995146
		0 -106.16005475195263 -106.84352781124245
		0 -105.5470775427314 -104.9326446254538
		0 -105.05016183949152 -103.10345277216105
		0 -104.69657556571431 -101.00955592520023
		0 -102.84079787108897 -99.972260138919353
		0 -100.81809354214582 -100.41549967713296
		0 -99.076415034874557 -101.26735028492359
		0 -97.587288656450568 -102.62154313511499
		0 -96.453270314015214 -104.22277431856372
		0 -95.698150217207655 -106.06866540341611
		0 -95.285996993666643 -107.9819869786713
		0 -95.001030731564583 -109.95276896995719
		0 -94.678212627176322 -111.85482650821318
		0 -94.151078315478543 -113.84085294739063
		0 -92.419113769582296 -115.01115119245432
		0 -90.386266332819332 -114.96848089062739
		0 -88.474998651696239 -115.05330596923613
		0 -86.432184800184174 -114.52438614914692
		0 -85.447702093135547 -112.68431281577114
		0 -85.176188629235369 -110.74927624168382
		0 -85.023733047165649 -108.77672666467375
		0 -85.004451319939335 -106.81181460815421
		0 -84.997452315121933 -104.84113615043179
		0 -85.001513908110496 -102.8732583514774
		0 -84.998919820400431 -100.9042585537463
		0 -85.001081360163496 -98.935226141336102
		0 -84.998478653771969 -96.967388198470758
		0 -85.002596532338941 -94.996697225896568
		0 -84.995148569359102 -93.031782682721115
		0 -84.969706438943348 -91.05586441133363
		0 -84.808118587709956 -89.104410036302482
		0 -84.51013649940603 -87.133425415780295
		0 -83.433697211713422 -85.421152130036091
		0 -81.545792064974634 -84.566465533039519
		0 -80.488692587909014 -82.841704757843459
		0 -80.166457716395158 -80.880752152349444
		0 -79.873098770193025 -78.943020755390776
		0 -79.603658303005972 -76.987850855331075
		0 -79.208083371152014 -75.059810553448671
		0 -78.656376834528544 -73.167262123903555
		0 -77.94552076352953 -71.329658901798894
		0 -77.092862203688682 -69.553747369558408
		0 -76.06078942725901 -67.87172710090681
		0 -74.809009813875434 -66.345966847507327
		0 -73.118312202249271 -65.246111303312915
		0 -71.140575876798735 -64.967429162545955
		0 -69.177374799700445 -65.011962820059779
		0 -67.206140625681726 -64.995065446642698
		0 -65.237719734978057 -65.000526744517174
		0 -63.270437123452041 -65.007069065734328
		0 -61.303016661473215 -64.759207966217957
		0 -59.476965796142089 -63.979433865150796
		0 -57.907941660840955 -62.755029110782061
		0 -56.577489669761441 -61.328312783821829
		0 -55.543173235654258 -59.577854773090465
		0 -55.04942719274613 -57.75415356385615
		0 -54.456629257394958 -55.6852100825284
		0 -52.525396341850815 -55.000455819717132
		0 -50.574817199733452 -54.351471558138655
		0 -49.953059016137345 -52.294543795373244
		0 -49.480889753016385 -50.457891686659678
		0 -48.436160958192261 -48.720820101110917
		0 -47.299221125175144 -47.148449827339022
		0 -46.288104957773683 -45.434941152958928
		0 -45.596131192027286 -43.591159704474023
		0 -45.255521012166085 -41.641000397780815
		0 -45.168567681186047 -39.672980889893282
		0 -45.338988362432772 -37.706779496284867
		0 -45.780709949950236 -35.780433505443554
		0 -46.600719328203667 -33.980621032594698
		0 -47.625066572010581 -32.300519981737239
		0 -48.625919898466492 -30.602490352544976
		0 -49.357895347101518 -28.76518374067544
		0 -49.72334697643474 -26.823472757280427
		0 -49.834815530521041 -24.8542460105175
		0 -49.686437213719145 -22.887906131527785
		0 -49.275651892177038 -20.95378995342827
		0 -48.487303192335887 -19.141411082994097
		0 -47.50377214934116 -17.435750996122806
		0 -46.599473115934828 -15.686141660865758
		0 -45.915448062323506 -13.831776131114765
		0 -45.519418448572537 -11.902854866218149
		0 -45.158985419674416 -9.9642012733558545
		0 -44.623792438190264 -8.071849849170377
		0 -43.663729195342135 -6.3104262368069612
		0 -41.989460598425296 -5.1624762989686417
		0 -40.650794212314509 -5
		0 -40 -5