		0 -40 -5
		0 -39.011233536176185 -5.9887664638238212
		0 -35.285280635315949 -9.7272796503186783
		0 -30.753408313301666 -5.4097808723098675
		0 -24.614194055209698 -5.8551095529213777
		0 -25.841034576412049 -14.029279461052949
		0 -19.432021677572244 -14.243910604479007
		0 -15.37578106074867 -9.9787848866794384
		0 -11.608853945788816 -6.91615403076809
		0 -5.6550229231414315 -3.2984004192141243
		0 -4.6007326777192183 -10.62356219825371
		0 -5.2697570878599942 -15.280482824244915
		0 -4.8375816027133025 -21.136628360537927
		0 -5.1365153910443819 -26.358805823406499
		0 -5.1390735724553478 -31.952696045887663
		0 -5.4122764076902987 -37.280019382660079
		0 -5.9087221391112283 -42.855249436983215
		0 -6.542676973145408 -48.026513495999282
		0 -8.5931940244471292 -53.717802793715478
		0 -14.188325376919533 -55.093594755571466
		0 -18.432220723715435 -47.657213652216598
		0 -20.611492897739737 -55.106429836157645
		0 -18.884935664889884 -59.75382509337431
		0 -18.095658947219569 -65.468485583080565
		0 -14.803412650732755 -69.87780489600047
		0 -11.744864801781869 -74.362060866296005
		0 -8.8871344061291584 -79.034776124081318
		0 -7.3707120378064976 -84.330174950215337
		0 -7.1166399132650628 -89.810690402874314
		0 -8.3873568374759238 -91.21334886823351
		0 -10.019530275633919 -96.127832393803516
		0 -11.516579469994101 -101.10893024605322
		0 -11.876995217176352 -106.32802354843045
		0 -10.313279334855316 -111.34732395880998
		0 -8.0681717617433595 -116.03417068074178
		0 -6.0138706849503238 -120.84741382293647
		0 -5.2086911206766748 -126.00269183349491
		0 -5.7156308525440798 -131.18124110807878
		0 -7.4530159819261286 -136.11672738241361
		0 -10.115323152808273 -140.63799980113316
		0 -13.471301009377353 -144.74701786953693
		0 -18.149860322241658 -147.63949129528925
		0 -23.641731712012533 -148.29531686356978
		0 -28.938196875156738 -149.35734985034983
		0 -34.208147931117743 -150.80763207793441
		0 -39.457204219356917 -152.04107011665849
		0 -44.944083134476521 -152.7870607690113
		0 -50.287125663885213 -151.91337105119192
		0 -55.667434841912737 -150.40495968169304
		0 -58.731200892231293 -145.37447750723879
		0 -55.652979674693569 -140.46773103663233
		0 -51.714705217309316 -137.10649442878153
		0 -46.975972765876961 -134.43617810432241
		0 -42.284745690969906 -131.66446847011059
		0 -39.729651132874416 -126.91752745941224
		0 -38.968801739187818 -121.72400595442755
		0 -36.103137539141407 -117.29215499505266
		0 -34.890368314672379 -112.02541033638441
		0 -35.031514892316835 -107.21932248020337
		0 -35.045080871074298 -101.1826582323361
		0 -41.087907879444089 -100.04437295354295
		0 -45.716773712636453 -97.06393052096108
		0 -51.415891126242755 -98.517986767330228
		0 -54.067301842756542 -103.56948390785668
		0 -59.827879939760329 -104.81343769517258
		0 -63.391913006114862 -108.87758468825017
		0 -67.5468333555134 -112.19619627514189
		0 -71.095279659968256 -116.14341583467007
		0 -74.230179558578939 -120.43064299886179
		0 -75.127684628383292 -125.65653345914714
		0 -76.105037133954283 -127.64546093976779
		0 -78.265812317211939 -131.395767642202
		0 -76.97041067491088 -135.42397996821933
		0 -73.554716452680481 -138.50327046965836
		0 -71.075863597154139 -142.06541212789671
		0 -70.152116913503548 -145.96984635688682
		0 -70.820413271442845 -149.972042914241
		0 -74.296693668838941 -153.22050853818629
		0 -79.333547677943685 -154.85194813811844
		0 -84.36993123288201 -156.30543122720889
		0 -89.600395159205249 -157.47516772884524
		0 -94.896242895368658 -158.36315958571961
		0 -98.426102385899583 -158.78665113176649
		0 -102.03695636215082 -158.74033005036173
		0 -105.72050452074268 -157.93071402165143
		0 -108.27893440400403 -154.90282813211158
		0 -109.93752799494497 -151.44148561277029
		0 -111.24765816943608 -147.71631654810565
		0 -111.55485822204166 -143.77184667742077
		0 -111.54539236494865 -139.83868422482914
		0 -111.5526319305669 -135.89490877786685
		0 -111.53634040900265 -131.96275219642294
		0 -111.57389761410043 -128.01308163343273
		0 -111.45955119339006 -125.99713143217113
		0 -111.21753959367885 -120.7765968156356
		0 -109.40700337030219 -116.1325642185576
		0 -106.6500092647801 -112.72455551096542
		0 -104.19943459856613 -108.90494338614499
		0 -101.80414781563162 -104.99724685772328
		0 -102.54189972660083 -100.59215072603328
		0 -100.08717998706504 -95.965507253459052
		0 -97.633565100800212 -91.376986935322648
		0 -96.16970221312225 -89.940747300478179
		0 -97.690920053313533 -84.525223985403201
		0 -100.45971869502559 -79.868755468604817
		0 -104.10656470360219 -75.71349587926764
		0 -106.89758990551192 -71.109148850343473
		0 -109.25421896876564 -66.023698976426488
		0 -109.65162263514726 -60.697139646436327
		0 -111.87295714217356 -55.150647337576416
		0 -105.70660021923071 -54.757096257245855
		0 -108.78016724255011 -50.868254016021815
		0 -110.52019469956896 -45.777590274559849
		0 -111.11119757850918 -40.360885691964825
		0 -111.13290511863414 -34.915332318992704
		0 -111.1140689903954 -29.440952463899894
		0 -110.94777187120258 -24.04326601363023
		0 -109.97027359508527 -18.562232982673397
		0 -106.91858550561413 -14.598508322866993
		0 -103.87264882870539 -10.797905446529111
		0 -100.12111958477486 -8.1265392916610431
		0 -96.378060630657217 -5.4681306800065315
		0 -91.970695958598242 -5.0626105096540481
		0 -87.928871576650621 -4.5956103861479107
		0 -83.17769563694857 -6.5264677909016005
		0 -83.952476339868937 -12.898104461174317
		0 -83.466870519985719 -17.918888115169601
		0 -82.709900787864655 -23.496221629915254
		0 -81.520280168766561 -28.623973009028699
		0 -80.389201199707756 -33.942019820963949
		0 -79.926625451754703 -39.35478783820475
		0 -78.867094881365873 -44.656907440876914
		0 -80.821677871048792 -49.372130555621865
		0 -76.550741377528965 -52.79660694354051
		0 -73.747243744774366 -57.701964841501258
		0 -67.111327162205143 -58.705283364933777
		0 -66.248976773024296 -51.907707364713048
		0 -67.795723927763348 -47.157159973150023
		0 -68.872911538623413 -41.576260156732914
		0 -69.782019324418528 -36.30095130085509
		0 -69.959278331277773 -30.821461580880154
		0 -70.036270587442544 -25.322595746897576
		0 -69.949707602837123 -20.01709206489792
		0 -70.285138669943905 -14.264108053573153
		0 -70.911625913891271 -9.4670498164800865
		0 -73.376951372485038 -2.9721997393955624
		0 -66.718905744568957 -1.6636151350444492
		0 -61.84903245765306 -3.525303094582954
		0 -56.233150139953949 -3.9712118108118646
		0 -50.947779173005991 -4.870836619750043
		0 -45.416441517488593 -4.9431775585363749
		0 -41.833993004607606 -5
		0 -40 -5