		0 -40 -5
		0 -38.61859752781082 -5
		0 -35.855273070625344 -5.1272823748547758
		0 -31.752745295211479 -5.7610455119900346
		0 -27.75787579477732 -6.8972530059009429
		0 -23.955271665681053 -8.5712389797674344
		0 -20.440223805668278 -10.790103120419282
		0 -17.293335961542162 -13.501164005914818
		0 -14.569569753376189 -16.642956536524043
		0 -12.261148205421962 -20.084352592256035
		0 -10.485803689468417 -23.864223859880035
		0 -9.6644597377506063 -27.940873352430248
		0 -8.983612997650809 -32.023942522003502
		0 -7.9189750383262547 -36.038162666925416
		0 -7.0644592159988484 -40.089263748691806
		0 -6.5487841556901962 -44.215282955824826
		0 -6.8080693514730557 -48.367515745894679
		0 -7.4933991483340963 -52.451110027481953
		0 -8.1749127920405744 -56.545189664170167
		0 -8.459491198809058 -60.680289565676496
		0 -7.951667928958889 -64.835095589605501
		0 -7.383394835688291 -68.876825456410955
		0 -7.0007600393574512 -73.131987965374748
		0 -9.214007151015057 -76.882287627290083
		0 -12.958984338203079 -78.849207982596937
		0 -16.931581701420974 -80.059955921459121
		0 -21.12392870341986 -79.986762336302647
		0 -25.242484385928766 -79.999825489064435
		0 -29.404285102264133 -80.01046391863747
		0 -33.531067071814824 -79.975585257035931
		0 -37.699327086113286 -80.050125253292336
		0 -41.805967240465797 -79.878336172030899
		0 -45.94183388803075 -81.564463151713355
		0 -47.167802961641094 -85.87574303403963
		0 -47.147882131585405 -89.886981720106206
		0 -45.346418769727997 -94.02951325544602
		0 -41.023559215286539 -95.102292656207581
		0 -36.975122063609305 -94.960358516064872
		0 -32.777971957501862 -95.024373815874299
		0 -28.666287268738383 -94.976786332066851
		0 -24.498841214955021 -95.090423454464201
		0 -20.39793891067692 -95.555637637422237
		0 -16.350041901221235 -96.692584989942588
		0 -13.085262101882266 -99.413297391798721
		0 -11.204195503664899 -103.17801281835061
		0 -10.300644933503293 -107.22781706985012
		0 -9.8772294597697048 -111.36105148995829
		0 -9.3115091394636895 -115.45426287383053
		0 -8.3243775103421189 -119.51115827592609
		0 -7.4220292952838269 -123.50206770611484
		0 -7.0340542784808209 -127.75959005540457
		0 -8.763352976799931 -131.56598903293204
		0 -12.366720226955463 -134.299410257609
		0 -12.910475394944227 -138.41256292853083
		0 -12.798085490855938 -142.79286950149321
		0 -16.662438494809695 -145.3756622508007
		0 -20.399589447411735 -146.60562331083352
		0 -24.523302466827534 -147.70541329951234
		0 -28.524211056969797 -148.4894071318559
		0 -32.638811995262621 -149.23843044943689
		0 -36.712086810550971 -149.8802018078953
		0 -40.820131130162785 -150.50762895756961
		0 -44.919168535350607 -151.07512498174165
		0 -49.03524705542663 -151.58650898949585
		0 -53.15522138544943 -152.01930702933521
		0 -57.286200278886596 -152.36560514415584
		0 -61.423180943077753 -152.60829716027507
		0 -65.566294484174549 -152.73319571704326
		0 -69.71101681131627 -152.72090716686199
		0 -73.852731007027785 -152.55125839087776
		0 -77.982943290017019 -152.19721719353123
		0 -82.093064480988957 -151.65980447624045
		0 -86.174960528821401 -150.93523571439169
		0 -90.215970009112553 -150.01268093265554
		0 -94.201932237507975 -148.86736035808309
		0 -98.101023532966494 -147.46094937465733
		0 -101.86750819674572 -145.70976088079317
		0 -105.36289034421426 -143.46679632938054
		0 -108.21106130502693 -140.36015535911523
		0 -109.59819213593615 -136.36413449638283
		0 -109.59599071834526 -132.19125014034816
		0 -109.0317363515033 -128.08734498094782
		0 -108.30502844264637 -124.00518836356298
		0 -107.44446777884247 -119.95099501999491
		0 -106.57141408208655 -115.90146350406316
		0 -105.64338049798721 -111.85827100966024
		0 -105.05563897556006 -107.7559430219693
		0 -104.20306369720154 -103.69042179167147
		0 -102.28672368405955 -99.94790894625767
		0 -99.126044499211901 -97.133345875144727
		0 -95.134163336451479 -95.814250823466452
		0 -91.036634940611648 -95.238873526821777
		0 -86.890001435613229 -95.018798156815592
		0 -82.748612250009302 -94.982172397249371
		0 -78.603064369514712 -95.028736019604054
		0 -74.459809917829133 -94.949652982742876
		0 -70.308698501367616 -95.11229853216399
		0 -66.315839842479846 -93.110681852062768
		0 -65.332667075319264 -88.772805765644279
		0 -65.379936623710876 -84.734013818287096
		0 -67.476317689683171 -80.730973898921704
		0 -71.841208778313884 -79.919185618740443
		0 -75.877040880247705 -80.029789916798904
		0 -80.079842148662905 -79.981840873300541
		0 -84.190358241646777 -80.017146962952779
		0 -88.35341820858703 -79.93627365718659
		0 -92.477307043412708 -79.622394402406798
		0 -96.579623181331144 -78.952023559429648
		0 -100.52795620959157 -77.633976519493686
		0 -104.05793348022448 -75.384891675768998
		0 -106.73235360833648 -72.130806830962882
		0 -107.94271822340896 -68.072993419695692
		0 -107.46515494616513 -63.874853844305655
		0 -105.4698699005484 -60.165957096258197
		0 -102.49850626507163 -57.242411562058223
		0 -98.940157303678617 -55.043969731036455
		0 -95.199345902780607 -53.358544632899651
		0 -91.257745557212772 -51.823713508748853
		0 -87.467240136224447 -50.583420341673033
		0 -83.294633993253242 -49.095818314337428
		0 -79.828231057777245 -48.019461663185929
		0 -75.197944801209374 -45.571134443436861
		0 -77.813852077559332 -41.23890698156616
		0 -80.890738742631029 -38.947753779377763
		0 -84.033290799723346 -35.961503452627632
		0 -87.229436955132144 -33.52394327384215
		0 -90.459834558841905 -30.734863007217438
		0 -93.563768991710134 -28.242873380618203
		0 -96.808944864390568 -25.251688310546008
		0 -99.52190423741628 -22.761991727217787
		0 -102.50884053383986 -18.631793228566455
		0 -98.873261289733065 -15.41299473139124
		0 -95.054769225830668 -14.310953256760092
		0 -91.129441620890077 -12.697589095475021
		0 -87.152613362407109 -11.68288139139371
		0 -83.109248690160953 -10.679402251895548
		0 -79.010411926953722 -10.087084512481816
		0 -74.865387752471719 -9.8493416008511243
		0 -70.720450878635646 -10.232592705445699
		0 -66.76971511091898 -11.636371352794594
		0 -63.453710771991908 -14.193187523582504
		0 -60.653892478358479 -17.235350921958286
		0 -58.283449772152004 -20.686852179163406
		0 -55.786180413561425 -23.909209460586681
		0 -53.247594628563014 -27.340873729368408
		0 -48.786377809888315 -28.468703438075853
		0 -45.931433063956746 -24.557968896054184
		0 -44.328366616650342 -21.129199810073285
		0 -42.891532938139143 -17.00270905049652
		0 -41.825984389385575 -13.139420777372637
		0 -40.826826480640364 -9.0182178405730724
		0 -40.275239861665057 -6.3761993083253188
		0 -40 -5